graph_100_100 0 2 4 6 7 8 11 12 13 16 17 20 26 27 28 29 31 33 35 37 40 41 43 44 45 49 51 53 59 63 64 65 66 68 69 72 74 75 79 82 83 84 85 87 88 90 91 97 98
graph_100_1000 15 22 25 31 32 39 44 47 56 63 67 69 88 96 97
graph_100_250 3 6 10 12 17 23 29 34 35 40 41 42 44 48 49 51 52 57 58 59 69 71 73 76 78 79 80 84 86 87 89 91 95 99
graph_100_500 3 7 8 9 11 14 26 28 35 44 49 51 52 56 61 67 68 78 80 86 87 94
graph_250_1000 3 4 6 8 14 21 22 24 27 36 41 42 46 49 51 52 56 61 64 68 69 77 78 79 80 86 93 96 97 100 104 110 117 118 135 138 140 142 145 150 151 152 154 157 158 159 162 164 165 166 171 172 177 185 187 189 196 197 203 213 214 219 221 222 224 225 231
graph_250_250 4 5 10 12 13 14 15 16 20 22 24 26 27 30 32 33 34 35 36 37 39 40 43 45 46 49 51 52 53 54 55 60 63 66 68 69 71 73 74 76 77 78 79 80 83 84 91 95 97 100 101 102 103 104 107 108 110 111 113 114 119 120 121 123 125 130 131 137 138 139 141 143 147 149 151 154 155 157 162 164 167 168 169 171 172 173 175 176 180 182 184 189 190 191 192 197 198 203 204 205 207 208 213 214 218 223 224 225 226 228 230 231 233 234 235 237 239 244 247 248
graph_250_500 1 2 3 8 9 17 25 27 28 29 31 34 35 37 41 43 44 47 50 52 55 61 63 65 68 70 71 75 78 84 86 89 91 92 94 98 99 101 105 106 108 111 115 117 122 124 125 127 130 132 136 137 139 140 142 144 146 147 149 150 151 152 154 157 159 163 167 169 173 174 176 178 181 183 184 185 193 195 196 201 203 204 209 213 216 218 230 236 238 240 242 248
graph_500_1000 2 5 6 9 10 11 12 14 15 17 19 22 23 25 27 29 31 33 35 36 37 40 42 43 46 47 49 51 52 55 60 62 65 69 70 71 72 73 77 80 83 86 88 89 90 91 95 98 99 101 105 106 113 114 115 117 119 125 127 131 135 137 138 140 142 148 150 155 156 157 160 162 163 170 171 173 175 177 178 180 182 187 191 193 195 200 202 203 210 214 215 217 219 220 221 225 226 229 233 234 241 247 251 255 256 263 270 271 272 276 277 278 292 294 298 302 307 308 309 315 321 322 326 328 329 330 334 335 338 339 341 342 346 347 349 350 352 358 361 362 363 372 375 379 382 390 391 393 396 398 399 400 402 403 404 406 412 414 416 417 421 423 428 430 431 432 435 436 438 450 451 452 454 456 457 461 464 467 471 473 474 475 476 477 478 480 485 488 490 491 492
graph_500_500 8 9 10 11 13 15 19 23 24 25 26 29 33 34 36 37 38 42 46 47 49 51 52 54 56 57 60 61 63 68 71 75 77 78 80 84 85 86 87 92 93 95 96 99 100 102 103 105 106 107 111 112 113 114 116 119 126 127 129 132 134 135 137 139 140 141 142 145 146 149 150 151 154 156 157 159 160 162 163 164 167 168 173 175 176 178 180 181 182 183 184 186 187 189 190 192 193 195 198 199 201 203 204 206 207 210 211 212 218 222 223 227 230 231 232 233 234 235 236 238 244 245 252 253 254 256 257 258 259 261 263 268 269 270 271 272 274 276 277 278 280 282 284 286 287 292 295 296 302 303 304 305 306 309 310 311 315 319 321 324 326 327 330 335 336 340 341 343 344 346 350 354 355 358 360 362 370 371 372 374 375 377 378 380 381 382 383 384 385 387 389 392 395 397 399 400 402 403 405 408 409 412 414 417 421 423 426 431 432 435 436 440 443 446 447 450 451 453 460 461 463 464 467 470 471 472 474 476 477 478 479 480 482 483 486 489 490 491 492 496
graph_50_1000 9 30 44
graph_50_250 0 6 13 15 17 20 22 33 35 40 46 49
graph_50_50 2 4 5 9 10 11 13 14 15 16 17 19 20 21 26 27 29 30 31 34 35 36 40 42 47 48
graph_50_500 9 22 25 36 44
