graph_100_100 2 6 7 12 15 16 18 19 20 22 24 27 28 30 33 34 35 36 37 39 43 45 49 54 60 69 71 76 77 79 80 81 82 88 92 95
graph_100_1000 33 34 42 51 53 71 87 89
graph_100_250 3 4 5 6 10 15 18 22 27 30 35 50 54 57 58 63 64 72 84 86 93 95 98
graph_100_500 7 10 18 34 44 52 81 82 84 86 87 93 94 95 99
graph_250_1000 3 13 14 21 24 25 28 40 41 42 51 67 82 83 105 106 108 110 113 116 120 132 135 138 140 142 145 153 163 171 173 179 191 197 198 199 200 210 215 219 220 227 240 242 245
graph_250_250 1 3 4 9 11 14 17 23 33 37 40 43 44 50 56 58 71 74 75 81 82 83 86 88 89 90 91 93 94 95 99 102 103 108 109 110 111 116 121 122 130 131 132 134 136 138 139 143 144 149 150 156 159 162 163 164 166 167 169 177 179 183 187 190 194 195 198 199 204 205 208 215 216 217 219 222 223 224 225 232 233 234 237 238 242 243 245
graph_250_500 3 5 9 13 15 20 21 23 31 34 38 40 43 44 52 54 59 66 81 91 93 94 97 98 102 106 120 122 124 126 130 132 138 142 150 158 159 160 161 167 171 174 176 177 178 180 181 182 183 196 198 199 202 211 213 214 216 220 224 228 234 236 244 249
graph_500_1000 1 7 9 15 22 24 35 37 41 43 47 56 67 68 70 71 72 74 78 82 86 88 90 96 99 101 104 105 106 117 120 125 127 128 130 134 139 142 145 148 156 157 159 164 166 170 173 178 179 191 192 206 211 214 216 221 223 225 227 230 231 233 237 240 241 251 252 257 259 261 264 270 272 274 284 286 292 293 294 296 297 298 302 305 309 310 321 322 327 328 333 334 336 338 347 351 355 356 359 361 362 363 370 372 375 376 383 384 390 394 395 401 403 405 407 413 421 426 431 433 438 445 446 448 454 455 457 460 461 465 467 478 484 485 486 489 492 493 494 497
graph_500_500 1 4 6 7 10 12 15 16 20 22 23 33 34 35 37 40 41 44 45 48 49 51 55 62 63 66 67 71 78 79 80 82 83 89 96 99 101 108 110 115 117 121 124 125 128 129 130 135 136 142 144 147 148 151 153 154 156 158 159 163 164 165 169 170 171 172 176 184 185 188 189 193 198 201 202 203 210 211 214 216 218 225 228 236 244 254 257 261 264 265 268 270 271 275 278 280 283 285 286 289 292 299 301 302 307 310 312 320 325 330 333 336 338 342 343 344 347 349 350 352 353 355 356 361 364 367 368 371 373 375 380 389 391 394 396 398 403 405 407 409 411 416 417 420 423 427 429 433 434 438 440 442 444 446 447 455 456 462 467 471 472 473 475 476 477 478 482 486 491 493 496
graph_50_1000 4 37
graph_50_250 26 34 36 38 39 43 44
graph_50_50 0 2 4 8 15 18 20 21 22 26 33 34 35 36 37 38 44 48
graph_50_500 1 16 27 31
