graph_100_100 2 3 4 7 11 21 23 29 33 38 40 41 42 43 45 49 62 65 66 67 68 69 71 76 77 78 79 82 83 85 86 87 90 95 96
graph_100_1000 7 9 13 21 24 25 33 42 51
graph_100_250 10 15 18 25 27 28 35 36 41 54 57 58 60 62 63 64 72 77 92 93 95 98 99
graph_100_500 10 14 18 26 34 44 48 50 52 81 86 87 93 94
graph_250_1000 3 7 17 21 25 26 41 48 57 58 62 65 69 79 82 85 86 94 99 100 103 105 107 112 116 131 143 147 164 177 179 189 191 205 210 211 217 219 220 223 225 237 245 246 248
graph_250_250 1 6 9 12 15 20 22 24 27 28 29 31 32 33 36 37 44 48 51 52 54 57 58 59 60 61 66 69 71 73 87 88 95 97 99 101 102 110 113 115 120 121 122 125 128 129 131 133 135 137 138 139 141 142 146 150 151 156 158 159 161 162 164 166 168 169 183 186 187 190 192 195 196 198 200 202 210 214 217 219 227 233 237 238 244 245 247
graph_250_500 2 5 9 14 15 16 17 20 27 34 40 42 47 48 49 50 52 54 63 65 72 92 93 95 97 100 101 102 103 106 113 119 122 123 129 132 133 137 141 142 158 159 160 163 169 174 178 180 183 196 198 202 205 213 216 218 220 224 228 231 234 236 244 247
graph_500_1000 1 9 10 17 31 38 43 48 49 56 59 64 68 70 72 74 85 86 90 91 99 103 105 106 113 117 118 125 127 128 130 132 134 135 136 142 145 148 159 162 164 166 170 172 173 179 185 189 191 192 202 206 211 222 225 230 237 240 251 252 255 259 261 262 266 272 280 281 284 285 293 296 298 302 304 309 310 311 321 322 323 326 327 333 334 336 338 339 340 348 351 354 355 357 360 363 367 371 372 375 376 377 382 383 392 394 395 397 400 416 421 429 436 438 439 445 449 451 454 455 457 459 460 463 465 467 478 481 483 484 486 488 492 493 494 496 499
graph_500_500 3 5 8 9 10 12 17 20 21 23 28 31 32 33 37 38 42 48 50 51 54 58 59 60 62 64 65 67 69 74 77 88 92 96 98 105 106 108 109 110 112 114 115 116 117 118 119 122 126 128 129 133 135 147 151 152 154 162 165 167 168 170 171 175 176 181 193 194 195 198 199 200 202 203 204 205 215 217 222 229 230 241 242 243 245 251 252 253 254 255 258 259 265 267 269 271 272 276 279 282 286 289 290 295 297 303 306 307 308 311 312 314 315 318 319 320 322 324 327 331 333 336 339 342 349 353 355 358 361 362 368 370 372 373 374 377 381 392 394 396 399 400 406 407 408 411 417 418 423 424 428 430 432 433 435 436 438 445 448 450 452 453 456 458 459 461 465 476 481 483 487 490 494
graph_50_1000 14 37
graph_50_250 9 10 14 18 27 36 41 46
graph_50_50 0 1 4 5 13 14 17 28 31 32 33 36 37 39 41 42 49
graph_50_500 16 27 29 31
