graph_100_100 0 7 8 10 11 14 16 19 21 22 23 24 25 26 31 33 34 35 36 37 40 41 45 46 49 50 54 55 58 60 62 63 64 69 77 78 79 80 81 82 83 86 92 93 96
graph_100_1000 9 11 21 22 26 27 31 35 40 44 50 61 70 78 80
graph_100_250 0 3 6 11 12 14 15 16 21 22 26 27 30 31 35 36 37 45 49 50 53 58 61 64 66 68 77 78 81 82 86 90 91 92
graph_100_500 4 8 11 14 19 22 25 26 27 30 31 33 35 36 45 50 52 56 61 62 64 66 77 78 81
graph_250_1000 6 11 12 16 22 25 26 27 31 33 34 35 36 40 46 49 51 54 55 61 66 69 70 75 77 78 80 86 100 101 104 105 106 107 109 112 118 119 128 129 131 149 151 152 157 160 167 170 172 175 181 185 197 203 213 214 219 221 222 230 240 243 249
graph_250_250 0 10 11 22 23 24 25 26 28 30 31 33 35 36 38 40 45 46 49 50 58 61 62 63 64 66 67 69 72 74 75 77 78 80 81 83 86 87 89 92 93 96 103 104 105 106 108 109 115 116 117 118 119 120 121 123 128 129 131 133 134 137 151 153 157 159 160 162 167 169 170 171 172 175 179 180 184 185 187 190 193 197 198 201 203 204 209 213 216 217 218 219 221 222 226 227 230 233 238 240 243 245 247 248 249
graph_250_500 1 2 6 10 11 16 22 23 24 25 26 28 31 33 34 35 36 45 49 55 61 62 63 64 66 67 69 72 75 77 78 80 86 87 89 92 95 96 101 103 104 105 106 107 109 112 117 118 119 121 123 128 129 131 133 134 140 146 148 151 157 158 159 160 162 165 167 171 172 175 180 184 185 190 197 201 203 213 214 219 221 222 226 230 233 235 240 241 242 243 248 249
graph_500_1000 0 6 10 11 12 14 22 23 24 25 26 31 35 36 38 40 45 49 53 55 57 60 61 64 69 72 74 77 78 80 83 86 89 95 96 105 106 109 113 115 117 118 119 120 121 124 125 126 127 131 134 135 137 141 150 151 153 155 157 158 160 163 165 167 169 172 180 182 184 185 187 189 190 192 193 195 197 198 203 204 212 213 216 217 218 219 220 224 230 237 238 239 240 243 249 251 254 255 256 258 261 266 267 271 272 273 275 279 280 288 292 294 299 300 301 304 308 310 311 313 316 317 321 326 329 330 334 335 337 340 347 350 352 356 357 362 369 374 376 379 381 383 387 390 391 398 399 402 403 414 416 423 424 426 429 431 432 435 436 437 441 450 451 455 457 461 462 464 467 468 469 471 477 479 480 481 485 486 487 491 496
graph_500_500 6 10 11 12 14 21 22 23 24 25 26 28 31 33 35 36 38 40 45 46 49 50 51 55 57 58 60 61 64 67 69 70 75 77 78 80 83 86 89 94 96 105 106 108 109 113 115 117 118 119 120 121 124 125 126 127 131 134 135 137 141 147 149 150 151 153 155 157 158 159 160 163 164 167 169 170 172 175 177 180 184 185 187 190 192 193 195 197 201 203 204 206 210 213 216 217 218 219 220 224 226 230 232 237 238 239 240 243 244 245 249 251 254 256 258 261 262 267 269 271 272 273 275 277 279 280 287 288 291 292 294 297 298 302 308 310 311 314 316 317 321 326 327 329 330 334 335 337 339 340 341 343 345 346 347 348 353 355 357 362 369 371 374 376 381 383 384 387 388 389 391 398 399 402 403 406 416 420 423 424 426 429 431 432 435 436 437 438 443 450 451 455 457 459 461 462 463 464 468 469 470 471 476 477 479 480 481 483 485 486 487 491 492 499
graph_50_1000 22 40 47
graph_50_250 6 19 20 21 22 26 33 35 36 41 44
graph_50_50 3 9 16 19 21 22 24 25 26 31 33 35 36 39 40 41 44 45 46 48 49
graph_50_500 6 10 22 25 26 35 40
