graph_100_100 2 6 9 10 12 16 18 19 20 24 27 28 30 31 32 35 36 37 43 48 52 59 60 69 71 75 76 80 81 84 91 92 94 98 99
graph_100_1000 33 34 42 51 53 71 87 89
graph_100_250 10 15 18 25 27 34 35 41 44 50 55 56 57 59 60 64 72 74 87 91 93 94 95
graph_100_500 10 14 18 26 34 44 48 50 52 81 86 87 93 94
graph_250_1000 7 11 17 21 22 42 45 49 62 79 82 85 86 87 97 100 103 105 106 107 116 123 137 139 140 141 151 163 169 173 174 175 179 188 189 205 210 219 223 227 231 237 239 245 246 248
graph_250_250 5 6 11 17 20 23 26 29 31 32 33 37 41 43 46 48 50 56 57 58 60 61 62 66 68 69 71 72 74 75 77 84 85 88 94 95 96 99 102 103 108 113 114 115 119 122 123 128 131 134 138 139 143 145 146 151 156 159 162 173 177 179 183 186 187 191 192 197 198 199 201 207 208 209 212 215 227 230 232 233 237 241 242 245 248
graph_250_500 2 3 5 15 21 27 31 34 38 40 43 44 50 52 54 59 79 81 86 93 97 100 102 103 106 110 120 121 122 124 130 132 137 138 141 142 156 157 158 159 160 161 163 167 174 176 180 183 196 197 198 199 207 211 213 216 220 222 224 228 234 236 237 239 247
graph_500_1000 1 7 9 10 11 13 15 26 28 31 32 36 42 43 44 48 49 64 68 80 85 90 91 98 99 101 103 104 105 117 120 124 125 127 129 130 134 136 139 148 152 159 164 170 172 173 176 191 192 194 199 206 210 211 220 222 244 245 246 251 252 255 261 266 271 272 276 280 281 283 284 287 292 293 294 296 302 305 306 309 310 311 315 319 321 322 323 326 327 328 330 333 334 336 338 339 344 351 355 357 359 360 363 365 366 367 371 372 373 375 376 382 383 387 391 394 395 397 407 421 438 445 446 452 454 459 460 462 463 467 469 470 474 481 484 492 493 496 499
graph_500_500 7 9 12 17 19 20 27 29 30 31 32 42 49 50 58 59 63 66 68 69 76 77 80 81 83 87 96 97 98 99 100 110 114 115 117 119 122 125 128 129 133 136 139 144 147 149 151 153 160 163 165 166 170 171 173 176 183 188 189 191 194 196 198 199 204 205 206 209 210 216 222 223 227 236 238 239 245 250 252 253 254 256 257 260 268 269 271 276 281 283 284 285 286 287 290 295 298 300 302 303 305 308 310 312 315 319 322 323 326 333 335 336 338 340 346 350 353 354 356 357 358 359 361 365 366 370 371 372 375 377 382 384 389 392 393 394 397 398 399 403 406 409 412 413 416 417 422 424 428 429 431 434 437 438 440 443 445 447 449 450 453 456 458 461 462 471 475 476 481 494 495 496 499
graph_50_1000 14 37
graph_50_250 9 14 20 21 30 36 42 49
graph_50_50 1 3 5 9 12 13 14 17 27 28 31 32 39 41 42 45 49
graph_50_500 1 16 27 31
