graph_100_100 0 1 3 4 7 9 13 14 15 16 17 22 23 24 25 26 27 28 30 31 32 33 34 35 36 37 38 40 41 42 43 44 45 46 47 49 50 51 52 53 54 55 56 58 59 60 61 63 64 65 66 67 68 69 71 72 75 76 77 78 80 81 82 83 85 86 88 89 90 91 92 95 96 99
graph_100_1000 22 24 27 31 32 33 35 39 52 64 80 84 86 89
graph_100_250 0 6 10 13 16 18 20 21 22 23 26 28 30 35 37 38 41 42 48 57 58 61 62 63 64 69 76 77 78 79 80 83 86 87 91 93 97 99
graph_100_500 1 6 10 14 17 18 21 31 35 44 46 49 52 55 58 64 69 73 74 76 77 78 79 80 81 82 86 91
graph_250_1000 0 2 7 11 14 21 23 25 27 29 34 35 36 41 44 47 49 52 55 58 61 62 64 67 70 74 78 79 80 89 91 93 96 97 105 106 107 111 116 117 118 119 123 129 134 147 151 152 157 159 163 169 173 182 183 184 185 187 190 198 199 201 202 203 204 206 213 219 223 238
graph_250_250 2 3 4 7 8 11 12 13 14 15 16 18 21 22 23 24 25 26 27 28 31 33 35 36 37 38 39 40 41 42 44 45 46 49 50 51 53 54 55 61 62 64 65 67 68 69 70 71 72 74 75 76 77 78 79 80 82 83 85 86 88 89 90 96 97 99 100 101 102 103 104 105 106 107 108 109 110 111 113 114 116 118 119 120 121 125 130 131 132 133 134 135 137 138 141 143 144 145 146 147 148 150 151 152 153 155 157 160 161 163 164 165 166 167 168 169 170 171 172 174 175 176 177 178 180 181 182 184 185 187 190 191 192 194 195 196 197 199 200 201 202 203 204 206 208 209 211 213 214 219 220 221 222 226 228 229 230 234 238 239 240 241 242 243 244 245 246 247
graph_250_500 2 7 9 13 16 17 19 22 23 26 28 29 31 36 38 40 43 44 45 46 47 48 49 50 55 58 60 61 63 67 69 73 75 77 78 79 81 86 92 93 98 99 102 103 104 105 106 109 111 115 116 119 120 122 123 124 126 127 131 132 133 136 137 138 140 141 142 143 144 145 146 149 150 151 152 153 157 159 160 162 163 164 165 168 169 170 172 173 174 175 177 178 181 183 184 185 186 187 188 189 190 191 192 198 201 203 204 206 208 211 213 216 218 219 222 229 230 234 236 238 239 241 245 247
graph_500_1000 1 8 11 14 15 20 21 23 24 25 26 27 28 29 31 33 36 38 39 40 43 45 46 47 48 49 50 54 56 58 59 62 64 65 66 67 68 73 75 76 77 78 79 82 83 85 86 91 93 95 98 99 101 102 105 107 108 109 110 111 112 113 115 117 119 120 124 128 129 132 134 136 137 143 144 146 148 149 150 151 152 154 155 157 159 160 161 162 163 164 166 167 169 170 172 173 175 178 180 187 189 190 191 192 193 196 199 202 203 204 206 208 210 215 216 219 220 222 224 226 230 232 233 234 237 238 240 243 245 252 255 256 258 259 260 261 267 269 270 271 272 274 275 276 277 279 280 283 284 288 289 290 292 294 297 299 302 306 307 309 310 311 316 320 322 323 330 332 334 335 337 339 341 348 349 351 352 354 355 358 359 360 363 370 372 374 376 378 382 387 389 390 392 393 397 399 402 403 406 408 415 419 420 421 423 424 428 431 432 433 435 436 437 438 444 447 450 455 457 460 461 462 463 464 465 467 468 469 470 473 474 478 479 480 481 482 484 485 486 488 490 492 493 499
graph_500_500 0 1 3 11 12 13 15 16 18 19 21 22 23 24 25 26 27 28 29 31 33 34 35 36 37 39 40 41 42 44 45 46 47 49 50 51 54 55 56 58 59 61 62 63 64 65 70 72 74 75 76 77 78 79 80 81 82 83 84 85 86 88 89 91 96 98 99 100 102 105 106 107 108 109 111 113 114 115 116 117 118 119 120 121 122 123 124 125 126 127 130 131 132 134 137 138 139 141 142 143 144 146 148 149 150 151 153 155 156 157 159 160 161 164 165 166 167 169 170 171 172 173 174 175 177 178 179 180 181 182 183 184 185 186 187 189 190 192 193 195 196 197 198 199 200 201 202 203 204 206 208 209 210 211 214 216 217 218 219 220 222 223 224 225 226 227 233 234 238 239 241 242 243 244 245 247 249 250 251 252 253 254 255 256 257 258 259 260 261 265 267 269 270 271 272 273 275 276 277 278 281 282 283 284 285 286 287 289 290 292 293 295 296 297 298 299 302 303 306 308 309 310 311 312 314 316 317 318 320 323 324 326 329 330 331 333 334 339 340 342 343 344 347 349 350 351 352 353 354 355 358 359 360 361 362 363 364 369 370 375 376 377 378 379 380 381 382 383 387 389 391 395 398 399 401 402 403 405 406 408 409 411 412 415 416 418 419 420 421 422 423 424 425 426 428 429 431 432 433 435 436 437 438 440 441 442 444 445 446 447 448 451 452 455 456 457 458 460 461 462 463 464 467 468 469 470 472 473 476 477 478 480 481 482 483 484 485 489 490 491 492 493 494 495 496 497 498 499
graph_50_1000 44 49
graph_50_250 6 9 11 15 16 19 30 31 33 38 40 45 46 49
graph_50_50 0 1 4 5 6 7 9 10 11 13 16 17 18 21 22 23 24 25 26 28 29 30 31 33 35 36 37 38 40 41 42 45 46 49
graph_50_500 9 13 22 36 40 49
