graph_100_100 2 6 10 15 24 27 28 31 35 38 40 41 43 48 49 54 57 59 60 65 66 70 71 74 76 77 79 81 86 90 91 93 97 98 99
graph_100_1000 9 33 34 42 51 53 70 87 89
graph_100_250 10 15 18 25 27 28 34 35 41 54 56 57 60 62 63 64 72 74 92 93 95 99
graph_100_500 10 14 18 22 34 44 48 50 52 81 86 87 89 94 95
graph_250_1000 21 34 40 41 45 49 51 74 79 87 97 99 100 103 113 115 116 121 123 125 128 131 135 140 150 157 164 169 173 177 187 188 197 199 204 214 219 224 227 231 237 239 245 246 248
graph_250_250 2 5 6 11 15 17 19 26 29 31 35 37 40 41 42 43 47 49 52 54 57 58 60 61 62 68 69 70 71 73 74 77 82 86 87 88 89 90 93 96 97 102 103 111 114 123 125 131 133 135 138 139 143 144 145 147 153 154 158 163 166 167 176 177 178 179 180 182 184 189 192 197 199 207 209 212 215 216 221 222 227 229 232 234 236 245 249
graph_250_500 2 3 5 21 23 31 34 38 40 43 44 50 52 54 59 78 79 81 84 86 93 94 97 98 102 103 106 120 122 124 130 132 137 138 142 156 157 159 160 161 163 167 173 174 176 178 180 183 191 196 197 198 199 210 211 216 220 224 228 236 239 240 242 244 248
graph_500_1000 1 7 9 10 11 19 24 26 32 36 43 48 49 64 68 73 78 85 86 91 98 99 101 103 105 111 112 117 118 124 127 128 130 135 136 145 147 148 150 159 162 164 166 170 173 176 178 179 191 192 194 200 202 206 210 211 225 226 231 239 246 251 252 255 259 261 264 266 272 274 279 280 284 287 292 302 304 306 310 311 313 315 317 319 320 321 322 323 327 333 334 338 339 342 344 345 347 351 354 355 360 363 365 366 367 371 372 375 377 379 383 392 394 395 401 405 417 424 436 438 445 454 456 459 460 463 467 470 473 474 475 483 484 485 486 488 492 493 494 499
graph_500_500 6 9 10 12 15 20 21 22 31 34 37 42 45 51 55 62 63 67 69 71 73 75 77 78 83 84 88 89 96 98 99 101 104 108 110 114 115 117 118 122 125 127 128 129 135 136 144 146 147 148 151 153 154 157 158 162 164 167 170 171 174 176 181 182 189 193 194 195 198 201 202 203 205 210 218 222 225 228 229 236 238 244 246 247 252 254 259 261 263 264 269 270 272 276 283 285 286 289 292 297 299 302 303 307 308 310 311 312 314 316 322 325 327 333 336 339 343 344 349 351 353 355 356 367 368 370 375 380 381 387 389 391 394 396 397 401 406 407 411 417 419 423 427 428 429 430 433 435 436 439 440 442 445 446 451 452 453 455 456 459 463 467 468 471 475 476 481 490 493 494 498
graph_50_1000 4 37
graph_50_250 3 9 14 18 21 30 36 49
graph_50_50 0 4 5 13 14 17 26 28 31 32 33 36 37 39 41 46 49
graph_50_500 2 9 13 36
