graph_100_100 0 2 3 4 6 7 8 9 13 14 15 16 19 22 23 26 27 28 30 31 32 33 34 35 36 37 38 40 43 44 45 46 47 48 49 50 51 52 53 54 55 59 60 62 64 65 66 67 68 69 70 71 73 75 76 77 78 81 83 84 85 86 88 89 90 91 92 94 96 99
graph_100_1000 13 21 22 26 28 33 35 49 62 63 66 77 80 81 82 86
graph_100_250 0 3 10 11 14 15 18 21 22 23 28 29 30 31 33 35 37 41 42 49 54 56 57 60 62 63 64 65 70 73 76 77 78 79 80 85 86 91 95 99
graph_100_500 3 5 8 10 18 22 26 27 35 41 44 49 53 62 64 69 74 77 79 80 83 84 86 90 91 93
graph_250_1000 1 8 11 14 20 21 23 24 25 27 29 31 35 36 38 40 41 44 46 48 49 50 55 56 58 61 62 64 65 67 68 74 75 77 78 79 83 93 96 97 99 101 103 106 111 116 117 118 125 129 135 136 140 142 147 151 156 157 159 160 173 174 183 184 191 194 195 201 203 208 213 219 227 231 233 234 238 240
graph_250_250 1 3 4 7 8 9 10 11 12 13 14 16 18 19 21 22 23 24 26 28 31 33 34 35 36 38 40 41 43 44 45 46 47 49 50 51 53 54 55 57 59 61 62 63 64 66 67 69 70 71 72 73 75 76 77 78 79 80 82 83 86 88 89 92 96 98 99 100 101 102 104 105 106 107 108 109 110 111 113 114 115 116 117 118 119 120 125 126 127 129 130 132 133 134 136 137 138 141 142 143 144 146 147 151 153 154 155 156 157 158 159 160 161 164 165 166 167 168 169 170 171 172 173 175 176 177 178 180 181 183 184 185 186 190 191 192 193 194 195 197 198 199 201 202 203 204 205 207 208 210 211 213 214 217 219 220 222 226 228 230 234 236 238 239 240 242 243 244 245 247
graph_250_500 5 7 9 13 14 17 18 20 22 23 25 26 28 31 33 37 38 39 40 44 45 47 49 50 56 58 61 64 65 69 73 75 76 78 79 80 81 85 88 92 94 96 100 103 106 109 115 117 118 119 122 124 129 131 133 135 136 137 138 142 143 144 145 146 149 151 155 157 159 160 162 163 167 169 171 172 173 174 176 178 180 181 182 183 184 186 189 191 193 195 196 198 199 203 204 207 209 213 216 218 219 223 224 225 233 234 236 238 239 240 241 243 244 248
graph_500_1000 0 1 3 9 10 11 14 15 17 20 21 23 25 28 29 30 33 36 38 39 40 42 46 48 49 50 54 60 62 63 64 65 69 72 73 75 78 79 84 85 88 90 91 93 95 99 101 105 106 107 109 113 114 115 116 117 120 123 125 128 133 134 137 142 143 144 145 146 148 149 151 154 159 161 162 163 164 165 168 169 170 172 173 177 178 180 184 189 190 192 193 195 198 199 201 202 203 204 210 213 214 215 218 219 220 222 223 224 225 226 227 228 230 232 233 234 237 238 239 240 241 243 244 245 247 248 250 251 252 257 259 261 262 264 267 270 272 274 275 276 277 278 280 284 288 289 290 291 292 296 297 302 306 307 309 310 312 313 314 319 321 322 323 324 327 334 336 337 338 339 341 342 344 346 352 355 359 362 363 366 370 372 373 374 375 376 378 379 388 390 392 393 394 395 397 399 402 403 404 408 412 415 416 417 421 426 428 430 431 433 434 436 444 446 447 449 450 451 455 461 462 465 471 472 477 479 480 481 482 484 485 488 489 490 492 494 497 499
graph_500_500 6 8 10 11 12 15 16 17 19 20 21 22 23 24 25 26 27 28 29 33 36 37 38 39 40 41 42 44 47 48 49 50 51 53 55 58 59 61 62 64 66 67 68 69 70 71 73 74 75 76 77 78 79 80 81 82 83 84 85 86 87 88 89 90 91 95 96 97 98 105 106 107 108 109 110 111 112 113 114 115 116 117 118 121 122 123 126 128 129 130 131 132 134 135 136 137 138 140 142 143 144 147 149 150 151 155 156 157 159 160 163 165 166 167 168 169 170 171 172 173 174 175 177 178 179 180 181 182 183 184 185 186 187 189 190 192 193 194 195 196 198 199 200 201 202 203 204 206 209 210 211 213 214 215 216 217 219 222 223 225 226 233 234 236 238 239 240 242 243 244 247 250 253 254 255 256 257 258 259 260 261 262 265 267 268 269 270 272 273 275 276 278 282 284 285 286 287 289 290 291 293 295 297 298 300 302 303 308 309 310 311 312 313 314 316 317 318 320 322 323 324 326 327 329 330 332 333 334 336 337 338 339 340 343 347 348 349 350 351 352 353 354 355 356 360 361 363 364 365 369 370 372 374 375 377 378 379 381 383 384 385 386 387 388 389 391 392 393 398 399 401 402 403 405 408 409 411 412 414 415 416 417 418 419 420 421 422 423 424 428 431 432 433 434 435 436 438 440 441 444 445 447 449 451 453 455 456 457 459 460 461 462 464 466 468 470 471 472 473 476 477 478 479 480 481 482 483 485 487 489 491 492 493 496
graph_50_1000 8 44
graph_50_250 0 9 10 11 13 16 17 22 28 38 40 45 46 49
graph_50_50 1 2 3 4 5 6 7 9 10 11 13 14 16 17 18 21 22 23 24 25 26 27 28 30 33 35 36 37 39 40 41 45 46 47 48 49
graph_50_500 0 18 22 35 36 40 46 49
