graph_100_100 0 1 11 14 16 19 22 23 24 26 28 31 33 34 35 36 40 41 45 46 49 50 51 55 58 60 61 62 64 66 67 69 77 78 82 83 86 87 89 90 91 93 94 96 99
graph_100_1000 26 41 44 49 50 61 62 64 86 91
graph_100_250 3 6 11 12 16 21 22 26 27 31 33 35 41 45 49 50 54 57 58 69 71 72 77 78 79 80 82 86 92 99
graph_100_500 16 22 25 26 28 37 39 49 64 73 79 80 86 91 98
graph_250_1000 8 22 23 26 31 33 35 41 44 45 49 55 64 69 71 72 77 78 79 86 93 100 105 106 107 115 117 118 134 135 137 151 157 167 169 170 173 174 175 180 182 186 201 204 210 214 219 223 230 234 237 243
graph_250_250 0 8 10 11 12 22 23 24 25 26 28 31 33 34 35 36 37 38 39 40 42 44 45 46 47 49 50 55 61 62 64 66 67 69 76 77 78 80 83 86 89 92 96 102 105 106 107 108 109 110 113 115 117 118 119 121 125 130 131 137 143 146 151 157 159 160 164 165 166 167 168 169 170 171 172 175 180 184 185 186 190 192 195 197 198 200 201 204 210 213 218 219 222 223 225 228 233 234 238 239 240 243 247
graph_250_500 5 11 22 23 26 28 29 31 34 38 40 43 46 47 49 50 55 58 61 66 67 69 70 74 75 78 80 83 86 92 94 96 100 106 109 115 117 118 121 122 123 130 131 132 136 137 151 160 164 167 169 170 174 175 176 178 180 181 182 183 189 192 193 194 197 203 206 213 216 222 230 234 236 238 240 243 244 247
graph_500_1000 3 9 10 11 12 14 16 22 23 24 28 31 36 37 38 41 43 44 46 47 48 49 51 53 56 58 60 63 64 66 72 73 77 78 80 83 86 91 94 104 105 108 111 112 117 119 120 121 130 131 133 135 148 151 155 163 164 167 170 172 173 174 177 178 180 185 190 192 193 194 195 198 204 205 210 214 216 217 218 220 222 223 226 229 230 231 237 239 240 243 245 248 251 252 253 255 256 258 261 264 267 270 275 276 277 280 287 295 301 302 303 304 306 310 314 316 317 323 327 329 332 336 338 339 343 354 355 359 372 373 374 376 383 384 387 391 394 398 402 403 414 416 421 426 428 431 432 436 437 440 447 448 451 455 460 461 469 472 473 475 476 477 478 480 481 483 484 491 492 494 496
graph_500_500 6 10 11 12 14 21 22 23 24 25 26 28 29 31 33 34 36 37 38 40 45 46 49 50 57 58 60 61 64 66 67 74 75 77 78 80 83 86 89 92 96 104 105 106 108 113 115 116 117 118 119 120 121 130 131 134 135 137 141 148 149 150 151 155 157 158 160 161 163 164 166 167 169 172 173 174 175 177 179 180 184 185 186 187 189 190 192 193 197 198 199 201 203 207 213 216 217 218 219 222 224 226 229 230 233 234 238 239 240 243 244 245 251 253 254 255 256 257 258 259 260 261 264 266 267 269 270 271 272 273 275 276 277 279 280 281 287 288 289 291 292 296 298 302 309 310 311 314 316 317 321 326 329 330 334 337 339 342 346 347 348 350 352 355 369 372 376 377 378 381 383 389 391 394 398 402 403 406 408 409 416 420 421 423 424 426 431 435 436 437 438 440 441 445 448 450 451 455 456 457 461 462 464 468 469 470 471 474 476 477 479 480 481 483 485 486 491 492
graph_50_1000 22 44
graph_50_250 21 26 28 31 39 40 45 49
graph_50_50 1 3 6 7 9 11 21 22 24 25 30 31 33 35 36 37 38 40 45 46 49
graph_50_500 21 22 36 40
