graph_100_100 2 3 12 18 22 27 28 29 31 36 38 39 41 42 43 45 47 48 49 53 55 62 66 67 68 69 71 76 77 78 79 83 86 87 90 99
graph_100_1000 41 42 53 54 57 71 73 76 85
graph_100_250 3 10 15 18 20 27 28 35 36 41 54 56 57 62 63 64 72 77 92 93 95 98 99
graph_100_500 10 18 34 44 48 52 81 84 86 87 89 94 95 99
graph_250_1000 1 7 9 21 24 25 27 34 40 41 42 45 62 67 74 77 80 83 87 91 94 95 97 112 116 117 120 127 131 139 157 164 173 175 185 187 199 205 213 219 223 224 231 245 247 248
graph_250_250 1 2 5 6 11 14 15 17 20 27 29 30 32 35 42 43 45 47 48 49 50 51 60 66 68 70 71 72 76 79 85 90 96 97 100 103 105 113 115 118 119 123 124 125 128 130 138 142 145 146 147 153 172 173 174 177 179 180 184 186 190 191 196 199 201 202 203 204 206 207 208 209 215 219 220 222 227 228 229 230 231 232 236 237 239 241 242 246
graph_250_500 1 2 5 7 16 17 22 26 27 40 42 47 48 49 50 52 54 59 63 69 72 78 86 90 92 93 97 100 101 106 111 117 121 122 123 129 132 133 135 137 159 160 163 169 173 174 178 180 181 183 184 189 197 198 206 212 213 216 217 220 222 224 228 231 234 236 239
graph_500_1000 1 9 10 15 19 24 30 31 37 41 43 48 49 56 59 64 68 72 78 85 86 90 91 101 104 105 113 117 120 123 124 125 127 128 130 132 134 135 139 145 148 149 156 159 164 169 170 173 178 179 191 194 206 211 220 222 233 237 240 241 246 251 252 255 261 262 267 272 274 276 280 284 287 293 294 296 297 298 302 306 309 310 311 313 321 322 323 326 327 328 333 334 338 339 351 355 360 363 366 367 371 372 373 382 383 384 392 394 395 400 401 404 407 414 421 438 445 446 449 451 454 455 458 459 460 463 465 467 468 469 478 483 484 486 488 492 493 494 496
graph_500_500 7 9 15 19 25 27 29 30 36 40 42 47 48 49 52 53 57 58 59 63 69 74 78 81 82 85 86 89 91 94 97 98 99 100 101 103 106 111 114 117 119 120 122 123 125 127 130 132 138 139 141 145 149 153 158 160 161 166 169 171 182 184 186 187 189 190 191 194 196 198 199 205 206 209 212 217 219 220 223 225 227 228 229 232 236 238 240 246 247 254 256 260 269 276 278 283 284 285 287 288 291 300 301 302 305 308 309 311 312 315 316 326 328 329 334 336 337 343 344 347 353 357 359 360 364 365 366 369 370 380 382 384 388 390 391 393 397 401 405 413 415 417 418 420 422 425 429 432 435 437 439 443 445 446 449 450 461 463 466 470 471 475 476 477 479 480 481 484 485 489 492 499
graph_50_1000 14 37
graph_50_250 9 13 14 20 30 34 36 46
graph_50_50 2 3 8 9 12 18 20 21 22 26 27 30 34 35 38 45 48
graph_50_500 2 9 13 36
